2021204219 3 115 133 163 163 296 296 296 296 306 306 326 359 359 359 359 379 446 446 471 501 501 501 544 544 544 544 564 564 564 671 671 671 671 709 709 709 764 809 809 839 839 839 839 884 884 894 894 944 944 944 1019 1019 1019 1100 1165 1165 1165 1165 1165 1165 1165 1165 1165 1165 1165 1165 1165 1165 1165 1165 1165 1165 1165 1165 1165 1165 1165 1165 1165 1165 1165 1165 1165 1165 1165 1165 1165 1165 1165 1165 1165 1165 1165 1165 1165 1165 1165 1165 1165 1165 1165 1165 1165 1165 1165 1165 1165 1165 1165 1165 1165 1165 1165 1165 1165 1165 1165 1165 1165 1165 1165 1165 1165 1165 1165 1165
2021204300 241 473 754 860 880 945 945 945 945 945 945 945 945 1068 1140 1140 1140 1165 1165 1165 1165 1165 1165 1165 1165 1165 1165 1165 1165 1165 1165 1165 1165 1165 1165 1165 1165 1165 1165 1165 1165 1165 1165 1165 1165 1165 1165 1165 1165 1165 1165 1165 1165 1165 1165 1165 1165 1165 1165 1165 1165 1165 1165 1165 1165 1165 1165 1165 1165 1165 1165 1165 1165 1165 1165 1165 1165 1165 1165 1165 1165 1165 1165 1165 1165 1165 1165 1165 1165 1165 1165 1165 1165 1165 1165 1165 1165 1165 1165 1165 1165 1165 1165 1165 1165 1165 1165 1165 1165 1165 1165 1165 1165 1165 1165 1165 1165 1165 1165 1165 1165 1165 1165 1165 1165 1165 1165
2021204113 50 80 105 165 165 219 259 259 259 259 275 275 275 275 275 275 300 360 410 410 430 430 430 470 470 470 470 500 500 525 535 535 535 535 535 535 560 610 610 610 635 635 635 635 635 635 635 635 662 685 685 685 702 735 735 735 735 735 760 760 810 855 855 855 855 855 855 855 855 855 855 880 905 925 925 925 925 925 925 925 925 925 925 925 925 925 925 925 925 925 925 925 950 985 1015 1015 1015 1015 1015 1015 1015 1015 1015 1015 1015 1015 1015 1015 1015 1015 1015 1015 1015 1015 1015 1015 1015 1015 1015 1015 1015 1015 1015 1015 1015 1015 1085
2021204100 20 351 351 401 498 498 498 498 498 498 498 498 558 558 558 558 558 558 558 578 578 578 578 603 603 603 603 658 658 658 723 723 723 723 723 723 723 743 743 743 743 743 743 743 743 743 743 768 838 883 883 958 958 958 958 1008 1008 1008 1008 1008 1008 1008 1008 1008 1008 1008 1008 1008 1008 1008 1008 1008 1008 1043 1043 1043 1043 1043 1043 1043 1043 1043 1043 1043 1043 1043 1043 1043 1043 1043 1043 1043 1043 1043 1043 1043 1043 1043 1043 1043 1043 1043 1043 1043 1043 1043 1043 1043 1043 1043 1043 1043 1043 1043 1043 1043 1043 1043 1043 1043 1043 1043 1043 1043 1043 1043 1043
2021204273 45 80 100 100 100 100 118 138 138 138 138 138 138 138 138 138 138 138 138 138 138 138 138 138 138 138 138 138 138 138 201 201 201 201 201 201 201 201 201 201 201 201 201 201 201 201 201 201 202 202 202 218 218 218 218 218 218 218 271 271 271 271 271 271 271 311 311 311 311 311 311 311 311 311 311 311 311 311 311 311 311 311 311 311 311 311 311 311 311 311 311 311 311 311 311 311 311 311 311 311 311 311 311 311 311 311 311 311 311 311 311 311 311 311 311 311 311 311 311 311 311 311 311 311 311 311 311
2021204348 20 20 40 60 80 100 100 100 100 100 100 100 140 160 160 185 210 210 210 210 210 240 240 240 240 240 240 260 260 260 305 305 305 305 325 325 325 325 325 325 325 370 395 395 395 395 395 395 395 395 395 415 440 440 440 440 460 460 485 485 485 485 510 510 510 555 555 555 555 555 555 555 555 555 555 555 555 555 555 555 555 580 580 580 580 580 580 630 630 630 630 630 630 630 630 630 630 630 630 630 630 630 630 630 630 630 630 630 630 630 630 630 630 630 630 630 630 630 630 630 630 630 630 630 630 630 630
2021204143 50 60 100 139 139 139 204 204 204 249 249 249 304 409 409 446 466 466 466 466 466 466 466 466 466 466 466 466 466 466 482 482 482 482 482 482 482 482 482 482 482 482 482 482 526 526 526 526 526 526 526 551 551 551 551 576 576 576 601 601 626 626 651 651 651 679 679 679 679 679 679 679 695 695 695 695 695 695 695 695 695 695 695 695 695 745 785 835 885 885 885 885 940 940 940 940 975 1000 1025 1063 1063 1063 1063 1063 1063 1063 1063 1063 1063 1063 1063 1063 1063 1063 1063 1063 1063 1063 1063 1063 1063 1063 1063 1063 1063 1063 1063
2021204285 10 10 48 68 68 105 140 140 140 195 195 195 260 260 280 280 305 330 330 355 393 438 463 513 513 513 513 513 513 513 550 550 550 600 600 600 600 600 600 600 600 600 600 600 620 620 620 620 620 620 620 645 703 703 703 703 703 703 753 753 753 753 753 778 778 805 805 816 816 816 836 836 836 836 836 836 836 836 836 836 836 836 836 836 836 836 836 836 836 836 836 836 836 836 836 836 836 836 836 836 836 836 836 836 836 836 836 836 836 836 836 836 836 836 836 836 836 836 836 836 836 836 836 836 836 906 906
2021204446 3 108 128 188 253 278 301 326 346 356 376 396 415 421 421 441 441 441 441 522 522 522 549 572 572 572 572 572 572 572 660 660 660 660 660 660 660 660 690 690 690 690 690 690 715 715 715 715 715 715 715 773 773 773 773 773 773 773 798 798 798 798 798 798 798 798 798 798 798 804 804 804 804 804 804 804 804 804 804 804 804 804 804 804 804 804 804 804 804 804 804 804 804 804 804 804 804 804 804 804 804 804 804 804 804 804 804 804 804 804 804 804 804 804 804 804 804 804 804 804 804 804 804 804 804 804 804
2021204177 40 80 120 120 120 120 170 170 170 170 170 260 320 375 375 378 395 395 395 395 395 395 395 395 395 395 430 430 430 430 485 575 750 970 1065 1090 1090 1090 1090 1090 1090 1090 1090 1090 1090 1090 1140 1165 1165 1165 1165 1165 1165 1165 1165 1165 1165 1165 1165 1165 1165 1165 1165 1165 1165 1165 1165 1165 1165 1165 1165 1165 1165 1165 1165 1165 1165 1165 1165 1165 1165 1165 1165 1165 1165 1165 1165 1165 1165 1165 1165 1165 1165 1165 1165 1165 1165 1165 1165 1165 1165 1165 1165 1165 1165 1165 1165 1165 1165 1165 1165 1165 1165 1165 1165 1165 1165 1165 1165 1165 1165 1165 1165 1165 1165 1165 1165
2021204134 12 60 105 144 190 190 190 190 190 190 190 190 210 290 335 405 458 470 550 575 575 590 590 590 590 590 590 590 590 590 643 643 643 643 643 643 643 643 643 643 643 643 643 643 643 643 643 643 683 683 683 733 733 733 733 733 733 733 733 733 733 733 733 733 733 808 808 808 808 808 808 808 808 808 808 808 808 808 808 808 808 808 808 808 808 808 808 808 808 808 808 808 808 808 808 808 808 808 808 808 808 808 808 808 808 808 808 808 808 808 808 808 808 808 808 808 808 808 808 808 808 808 808 808 808 808 808
2021204380 0 20 20 20 20 20 60 60 60 60 60 60 140 140 140 140 140 140 140 165 165 165 165 165 165 165 202 202 202 202 247 247 247 247 247 247 247 247 247 247 267 267 267 267 267 267 267 267 267 267 267 346 346 346 346 346 346 346 426 426 426 426 426 426 426 477 477 477 477 477 477 477 477 477 477 477 477 477 477 477 477 477 477 477 477 477 477 477 477 477 477 477 477 477 477 477 477 477 477 477 477 477 477 477 477 477 477 477 477 477 477 477 477 477 477 477 477 477 477 477 477 477 477 477 477 477 477
2021204187 0 40 60 60 60 60 60 60 60 100 100 100 100 100 100 100 100 125 177 177 177 195 195 280 280 280 325 325 325 325 455 455 455 455 465 465 465 510 510 510 510 510 510 510 570 570 570 570 595 595 595 620 620 620 620 620 620 620 645 645 645 645 645 645 645 720 720 720 720 720 720 720 720 720 720 720 720 720 720 720 720 720 720 720 720 720 720 720 720 720 720 720 720 720 720 720 720 720 720 720 720 720 720 720 720 720 720 720 720 720 720 720 720 720 720 720 720 720 720 720 720 720 720 720 720 880 1070
2021204246 0 95 95 155 155 200 200 200 200 200 200 200 280 280 280 280 350 350 350 350 350 350 375 450 450 450 565 565 565 565 610 610 610 610 610 610 610 610 610 610 610 635 635 635 680 680 680 680 680 680 680 755 793 793 793 805 805 805 899 905 905 980 1025 1025 1025 1038 1038 1038 1038 1038 1038 1038 1038 1038 1038 1038 1038 1038 1038 1038 1038 1038 1038 1075 1130 1165 1165 1165 1165 1165 1165 1165 1165 1165 1165 1165 1165 1165 1165 1165 1165 1165 1165 1165 1165 1165 1165 1165 1165 1165 1165 1165 1165 1165 1165 1165 1165 1165 1165 1165 1165 1165 1165 1165 1165 1165 1165
2021204207 0 40 80 135 135 135 155 155 155 155 155 155 190 240 240 240 240 240 240 265 265 265 265 285 285 285 285 310 310 310 360 360 360 360 360 360 360 385 385 410 410 430 430 495 509 520 520 545 563 563 563 570 595 595 595 625 625 625 650 650 650 650 675 675 675 740 740 740 740 740 740 740 740 740 740 740 740 740 740 740 740 740 740 740 740 740 740 740 740 740 740 740 740 740 740 740 740 740 740 740 740 740 740 740 740 740 740 740 740 740 740 765 765 765 765 765 765 765 765 765 765 765 765 765 765 765 765
2021204079 0 20 40 80 80 80 80 80 80 100 100 115 150 150 150 150 150 150 175 175 175 175 175 175 200 225 225 225 225 225 250 250 295 295 295 295 295 295 295 295 295 295 295 295 295 295 295 295 295 345 375 375 420 420 420 420 420 420 440 440 440 440 440 440 440 440 440 440 440 440 440 440 440 440 440 440 440 440 440 440 440 440 440 440 440 440 440 440 440 440 440 440 440 440 440 440 440 440 440 440 440 440 440 440 440 440 440 440 440 440 440 440 440 440 440 440 440 440 440 440 440 440 440 440 440 440 440
2021204239 0 55 115 115 115 115 115 115 115 133 133 135 160 160 161 179 215 215 215 215 215 240 240 265 285 285 285 285 285 285 350 350 350 390 415 415 415 415 435 480 525 527 527 527 565 565 640 640 640 665 665 690 690 690 715 715 715 715 740 740 740 765 765 765 765 765 765 765 765 765 765 765 765 765 765 790 790 790 790 790 790 790 790 790 790 790 790 790 790 790 860 880 880 880 880 880 880 880 880 880 880 880 880 880 880 880 880 880 880 880 880 880 880 880 880 880 880 880 880 880 880 880 880 905 955 1065 1090
2020204787 0 20 160 160 160 160 160 160 160 160 160 160 205 225 225 225 295 345 345 345 345 345 345 345 345 345 345 345 345 345 450 450 450 450 450 450 450 535 555 555 600 638 640 685 685 685 685 685 685 685 685 685 685 685 685 685 685 685 685 685 685 685 685 685 685 705 705 705 705 705 705 705 705 705 705 705 705 705 705 705 705 705 705 705 705 705 705 705 705 705 705 705 730 730 730 730 730 730 730 730 730 730 730 730 730 730 730 730 730 730 730 730 730 730 730 730 730 730 730 730 730 730 730 730 730 775 1165
2021204270 0 0 50 100 115 115 115 115 115 115 115 115 115 115 115 115 117 180 241 241 241 241 241 241 241 311 335 422 467 502 607 607 607 607 607 607 607 607 632 632 632 632 657 657 677 677 677 677 677 677 677 702 702 702 722 737 747 747 772 798 798 798 798 798 798 823 823 868 868 868 868 868 868 868 868 868 868 868 868 868 868 868 868 868 868 868 868 868 868 868 868 868 868 868 868 868 868 868 868 868 868 868 868 868 868 868 868 868 868 898 898 898 898 898 898 898 898 898 898 898 898 898 898 898 898 898 898
2021204140 0 0 40 40 40 40 40 40 60 100 100 100 100 114 114 114 114 114 114 114 114 114 114 199 199 199 199 199 199 199 364 364 364 364 364 364 364 370 370 370 370 370 370 370 370 370 370 370 370 370 370 470 470 470 470 470 470 470 510 510 510 510 535 535 535 535 535 535 535 535 535 535 535 535 535 535 535 535 535 535 535 535 535 535 535 535 535 535 535 535 535 535 535 535 535 535 535 535 535 535 535 535 535 535 535 535 535 535 535 535 655 655 655 655 655 655 655 655 655 655 655 655 655 655 655 824 939
2021204061 0 0 120 120 120 160 185 185 185 235 275 295 295 295 313 313 336 338 338 338 373 373 373 448 448 448 448 448 448 513 563 563 563 563 581 581 581 611 661 661 661 661 661 661 681 681 681 681 681 681 681 708 708 708 708 708 708 708 708 708 708 708 708 708 708 758 758 758 758 766 766 766 766 766 766 766 766 766 766 766 766 766 766 766 766 766 766 766 766 766 811 811 811 811 811 811 811 811 811 811 811 811 811 811 811 811 811 811 811 811 811 811 811 811 811 811 811 811 811 811 811 811 811 811 811 811 811
2020205085 0 0 20 40 40 40 40 40 40 40 40 60 100 100 100 100 100 100 100 100 100 100 100 125 141 141 166 184 209 215 320 320 320 375 375 375 375 375 375 375 375 375 375 375 375 400 400 400 400 400 400 480 480 505 505 555 555 580 605 605 605 605 605 605 605 630 630 630 630 630 630 630 630 630 630 630 630 630 630 630 630 630 630 630 630 630 630 630 630 630 630 630 630 630 630 630 630 630 630 630 630 630 630 630 630 630 630 630 630 630 630 630 630 630 630 630 630 630 630 720 740 774 846 866 916 916 1069
2021204339 0 0 0 20 100 115 115 115 115 115 115 135 230 230 230 230 230 230 230 230 230 230 230 230 230 230 260 280 280 315 385 460 460 524 564 564 564 564 564 564 564 564 564 564 662 662 662 678 721 721 721 721 721 721 721 721 721 721 746 746 746 834 834 834 834 846 846 846 846 846 846 846 846 846 846 846 846 846 846 846 846 846 846 846 846 846 846 891 891 955 955 977 977 977 977 977 977 977 977 977 977 977 977 977 977 977 977 977 977 977 977 988 988 1014 1014 1014 1014 1014 1014 1014 1014 1014 1069 1069 1069 1101 1101
2021204062 0 0 0 0 0 60 60 100 120 205 310 345 395 445 465 490 540 595 595 595 695 695 695 695 695 695 695 695 695 695 762 762 762 762 785 785 785 785 785 785 785 785 785 785 785 785 785 785 824 855 873 975 975 975 975 975 975 975 1025 1025 1025 1025 1055 1130 1130 1165 1165 1165 1165 1165 1165 1165 1165 1165 1165 1165 1165 1165 1165 1165 1165 1165 1165 1165 1165 1165 1165 1165 1165 1165 1165 1165 1165 1165 1165 1165 1165 1165 1165 1165 1165 1165 1165 1165 1165 1165 1165 1165 1165 1165 1165 1165 1165 1165 1165 1165 1165 1165 1165 1165 1165 1165 1165 1165 1165 1165 1165
2021204210 0 0 0 0 0 60 60 60 60 60 60 60 80 80 80 80 80 80 100 100 100 100 100 100 100 100 100 100 100 100 120 120 120 120 120 120 120 120 168 210 210 210 210 210 210 210 260 278 278 278 278 308 308 355 373 373 373 410 410 410 410 446 466 466 466 466 466 466 466 466 466 466 466 466 466 466 466 466 511 511 511 511 541 541 541 541 541 541 541 541 541 541 541 541 541 541 541 541 541 541 541 541 541 541 541 541 541 541 541 541 541 541 541 541 541 541 541 541 541 541 541 541 541 541 541 578 721
2021204087 0 0 0 0 0 0 40 40 40 40 40 40 60 60 60 100 100 100 100 100 100 100 100 100 100 100 100 135 135 158 160 160 160 160 160 160 180 180 180 235 235 235 235 235 235 235 235 260 260 260 260 310 310 310 310 310 310 310 310 310 310 330 330 330 355 355 355 355 355 355 355 355 355 355 355 355 355 355 355 355 355 388 388 388 388 388 388 388 388 388 388 388 388 388 388 388 388 388 388 388 388 388 388 388 388 388 388 388 388 388 388 388 388 388 388 388 388 388 388 388 388 388 388 388 388 451 479
2021204066 0 0 0 0 0 0 60 60 60 60 60 60 100 100 100 100 125 125 125 125 125 125 125 125 125 125 162 185 185 185 227 227 227 227 227 227 227 227 227 227 227 227 227 227 227 227 227 227 252 252 252 272 272 272 322 322 322 322 322 322 322 322 322 322 322 362 362 362 362 362 362 362 362 362 362 362 362 362 362 362 362 362 362 362 362 362 362 362 362 362 362 362 362 362 362 362 362 362 362 362 362 362 362 362 362 362 362 362 362 362 362 362 362 362 362 362 362 362 362 362 362 362 362 362 362 362 362
2021204071 0 0 0 0 0 0 0 0 40 40 40 40 60 60 80 80 80 80 80 80 80 80 80 80 80 80 105 125 150 150 185 185 185 185 185 185 210 235 235 235 235 235 235 235 235 235 235 235 265 303 303 305 305 305 305 305 305 305 330 330 330 330 330 330 330 380 380 380 380 380 380 380 380 380 380 380 380 380 380 380 380 380 380 380 380 380 380 380 380 380 380 380 380 380 380 380 380 380 380 380 380 380 380 380 380 380 380 380 380 380 380 380 380 380 380 380 380 380 380 405 405 405 405 405 430 470 630
2021204082 0 0 0 0 0 0 0 0 45 45 45 45 45 45 45 45 45 45 45 45 45 45 45 45 45 45 118 118 118 118 174 174 174 174 174 174 174 174 174 174 174 174 174 174 174 174 174 214 214 214 214 223 283 308 308 308 308 308 338 338 338 338 338 338 338 338 338 338 338 338 338 338 338 338 338 338 338 338 338 338 338 338 338 338 338 338 338 338 338 338 338 338 338 338 338 338 338 338 338 338 338 338 338 338 338 338 338 338 338 338 338 338 338 338 338 338 338 338 338 338 338 338 338 338 338 338 338
2020202524 0 0 0 0 0 0 0 0 0 0 0 140 140 140 140 140 171 290 290 290 290 290 290 400 400 400 470 500 500 500 580 580 580 580 580 580 580 580 580 580 580 580 580 580 580 580 580 580 580 580 580 600 600 600 600 600 600 600 600 600 600 600 600 600 600 640 640 640 640 640 640 640 640 640 640 640 640 640 640 640 640 640 640 640 640 640 640 640 640 640 640 640 640 640 640 640 640 640 640 640 640 640 640 640 640 640 640 640 640 640 640 640 640 640 640 640 640 640 640 640 640 640 640 640 855 1082 1132
2021204364 0 0 0 0 0 0 0 0 0 0 0 40 40 40 40 40 40 40 40 40 40 40 40 40 40 40 40 40 40 40 60 60 60 60 60 60 60 60 60 60 100 100 100 100 100 100 100 100 100 100 100 153 153 153 153 153 153 153 153 153 153 153 153 153 153 178 178 178 178 178 178 178 178 178 178 178 178 178 178 178 178 178 178 178 178 178 178 178 178 178 178 178 178 178 178 178 178 178 178 178 178 178 178 178 178 178 178 178 178 182 203 228 228 228 228 278 278 278 278 278 278 278 278 390 790 963 1028
2021204122 0 0 0 0 0 0 0 0 0 0 0 0 40 40 40 40 40 40 40 40 40 40 40 40 40 40 60 60 60 60 100 100 100 100 100 100 100 100 100 100 100 100 100 100 125 125 125 210 210 210 210 240 240 240 240 240 240 240 277 277 277 277 277 277 277 305 305 305 305 305 305 305 305 305 305 305 305 305 305 305 305 305 305 305 320 320 320 320 320 320 320 320 320 320 320 320 320 320 320 320 320 320 320 320 320 320 320 320 320 320 320 320 320 320 320 320 320 320 320 320 320 320 320 320 320 320 320
2020205280 0 0 0 0 0 0 0 0 0 0 0 0 100 100 100 100 100 100 100 100 100 100 100 210 210 210 210 210 210 210 210 210 210 210 210 210 210 210 210 210 210 210 210 210 210 210 210 210 210 210 210 295 295 295 295 295 295 295 345 345 345 345 345 345 345 345 345 345 345 345 345 345 345 345 345 345 345 345 345 345 345 345 345 345 345 345 345 345 345 345 345 345 345 345 345 345 345 345 345 345 345 345 345 345 345 345 345 345 345 345 345 345 345 345 345 345 345 345 345 345 345 345 345 345 345 345 345